8.876196539702075228e+00
1.265007453157321571e+01
1.130697692770189811e+01
9.994256199651600170e+00
1.062366403528068126e+01
1.265238740332457645e+01
1.087999103224131048e+01
1.325704693107703136e+01
1.107970264239986946e+01
1.262830336934077202e+01
1.081200792213304140e+01
1.232642992801594062e+01
1.358196678233563048e+01
1.205488689927675594e+01
1.267010781729027968e+01
1.117639980916852949e+01
1.209515364645467805e+01
1.202997277851222435e+01
1.130734946702588672e+01
1.102343144753576709e+01
1.087211203764994671e+01
1.173950447257421636e+01
1.095372540014828999e+01
1.092881619723171305e+01
1.000145160547984702e+01
1.095700008892591626e+01
1.269403058773944970e+01
1.093261071450736210e+01
1.222362975798780127e+01
1.163751589724857460e+01
1.243700440484871628e+01
1.545934851206073901e+01
1.267836600633199851e+01
1.292558908765866299e+01
1.002543840935049602e+01
1.218408123341503035e+01
1.317093579443903018e+01
1.095026514595778266e+01
1.107252917416215077e+01
1.079523657243883328e+01
1.202512871433268593e+01
1.162859080612228979e+01
1.144557830141582322e+01
1.197838221136293413e+01
1.371019189058896082e+01
1.232574724742942252e+01
1.168015004282682412e+01
1.155000691253712652e+01
1.267834262004662094e+01
1.088077135469408141e+01
1.282580001115054102e+01
1.111812515723364747e+01
1.070973592273686492e+01
1.200803748678964489e+01
1.252829226240535299e+01
1.134650182126179629e+01
1.210435306489449303e+01
1.190830173179169549e+01
1.524229679598505349e+01
1.359336828441745304e+01
1.474428453514133608e+01
1.429010091482570033e+01
1.892565788059550513e+01
2.058420454659649224e+01
1.143000381532128884e+01
1.645052572297917237e+01
1.904369023277090989e+01
1.727496026162895504e+01
1.613004353904650756e+01
1.394079833523943535e+01
1.225258324384331843e+01
1.145936530054802382e+01
1.070855717251954431e+01
1.104829756737001922e+01
1.062081619596243520e+01
1.059049948882489467e+01
9.490456579490519573e+00
1.059186171339616322e+01
1.083509249252566420e+01
1.020475230492358065e+01
9.084596821651459209e+00
1.005615115609588450e+01
1.020722403426259639e+01
1.019305113534393037e+01
8.853123432638822621e+00
9.026786200844176378e+00
9.166263010233203445e+00
9.080625695122918728e+00
8.828593818003673377e+00
8.546637148886748747e+00
8.770286994007735260e+00
8.747066339896441889e+00
8.542569886966527193e+00
8.391913727743483875e+00
7.772482264422300169e+00
8.327770152197164322e+00
8.215100337366656902e+00
8.363395991679064778e+00
8.798582903075889305e+00
8.350695324250928309e+00
8.188272864131789675e+00
8.625206505940942847e+00
8.511247818451638025e+00
7.969559782087062061e+00
7.937741665920005296e+00
8.127353779719665994e+00
8.165218604803312630e+00
8.586049251076428135e+00
7.361056533538985924e+00
8.502689631605301557e+00
7.738529885412614107e+00
7.750369892011248041e+00
7.454142975858011333e+00
7.983491493310642895e+00
7.533498992189218590e+00
7.617470188568115752e+00
7.423691655842358905e+00
7.328497944460194091e+00
7.167189680698342613e+00
7.466671940972565480e+00
7.810415563417662632e+00
6.872000688223877773e+00
6.960006989425283841e+00
7.019790167195334440e+00
7.103334386707311765e+00
6.752735009456487525e+00
6.767959985440015203e+00
6.357027523375490929e+00
6.512204357833320856e+00
6.790348998264943425e+00
6.622784242530417309e+00
6.801847512730032186e+00
6.583025245475453424e+00
6.727258321788860407e+00
6.902065229547263314e+00
6.209212222258355673e+00
6.563536043827823185e+00
6.857270221439558000e+00
6.410043426789618692e+00
6.763561518642355885e+00
6.413677656350181167e+00
6.386864491657915366e+00
6.204716984093923138e+00
6.892366070992895111e+00
6.090432552891671847e+00
6.121297291339831581e+00
5.810104716506943490e+00
6.325809692524940964e+00
6.000976295230732838e+00
5.643926595981861638e+00
6.445828958133670739e+00
5.932178036173515245e+00
5.968989489772754453e+00
6.275738748459999350e+00
6.116241056181414670e+00
5.816765158880291331e+00
5.612984225045833497e+00
5.859473916118905557e+00
5.859720471943769660e+00
5.814040071738652671e+00
5.511701112217312293e+00
5.820894495503639909e+00
5.905747281107879054e+00
5.046660025228102420e+00
5.628318322199380219e+00
5.615268452069949845e+00
5.752878585375060361e+00
6.111424415449807412e+00
5.296278084676558251e+00
5.728496737646870507e+00
5.442498700857854921e+00
5.462135448592121634e+00
5.832243914533855822e+00
5.816742681480867816e+00
5.297863097554741607e+00
6.322296128406937221e+00
5.372393187837999129e+00
5.516118387408552870e+00
5.170591911442413924e+00
5.390180526464561694e+00
5.582692486458782355e+00
5.470105485099570508e+00
4.914047413313744173e+00
5.398360972395826352e+00
5.582138147281569651e+00
5.811435570931378081e+00
5.730934764849549445e+00
5.921495597340285855e+00
5.768912486300783016e+00
5.969846198338282228e+00
5.958718244444961343e+00
5.445244927696131221e+00
6.271127900838612490e+00
5.812140156837894978e+00
6.471572959835317995e+00
6.018453962295619242e+00
6.210216815972103177e+00
5.637876210464622062e+00
5.862201812360490649e+00
5.405882283510211828e+00
5.193572472413977792e+00
5.245119238763579439e+00
5.312009880794887451e+00
5.428460516490329901e+00
5.016709730179288229e+00
4.441970808678705751e+00
4.589497094681501466e+00
4.850892938763543327e+00
4.812194095741215705e+00
4.485768279502705624e+00
4.768429601796756678e+00
4.685444345890717344e+00
4.375036541127831136e+00
4.321830120386506380e+00
4.788427033549591982e+00
4.659889761882752168e+00
4.991773173137084463e+00
4.540325298835812262e+00
4.758390638483027679e+00
4.964142518416468697e+00
4.746836159571309999e+00
4.732455245645638797e+00
4.851121436168398304e+00
4.602941697882864780e+00
4.894916573133552440e+00
4.925423263216033298e+00
4.524862876294136527e+00
4.500683209685317543e+00
4.596636665576774305e+00
4.388925818063219353e+00
4.349552733111578640e+00
4.537106707253065530e+00
4.685710731120434680e+00
4.576596022054748580e+00
4.527291083487929413e+00
4.118447401127362184e+00
4.410139003513388722e+00
4.575598532890900572e+00
4.791580638397912040e+00
4.874096251313897454e+00
4.542641659412308464e+00
4.426328413946626128e+00
4.666239610166456941e+00
4.156822872147419190e+00
4.390763027792588424e+00
4.783759888505384694e+00
4.320661708404538004e+00
4.137959505192409182e+00
4.031947158842791090e+00
4.724088013068961089e+00
4.508063015132666607e+00
4.217632896820103561e+00
4.670179913021963891e+00
4.300630555858204751e+00
4.313710895067680795e+00
3.990901077657830864e+00
3.927409522398790376e+00
4.210500403193572438e+00
4.070207239379785236e+00
4.244613993081201464e+00
4.302826790830629911e+00
3.675803049248122623e+00
4.024184392295137691e+00
4.179730210252351696e+00
4.015786889104894009e+00
3.990581048956368893e+00
3.684537870127137182e+00
3.731549907406547018e+00
3.795136959094854046e+00
3.997869043978148795e+00
3.882342317458834735e+00
3.607483360955181517e+00
3.671554969842655947e+00
3.651755143991568531e+00
3.591417311523281697e+00
3.295835897504801437e+00
3.604341608445962741e+00
3.394122144525393292e+00
3.253303591189074417e+00
3.553519132601807851e+00
3.234960803233620563e+00
3.304594479220626990e+00
3.014294671080341548e+00
3.371159060405441554e+00
3.387129793085642770e+00
3.366338880737294037e+00
3.069948953439017636e+00
3.270508086650447677e+00
3.192004005169157832e+00
3.055853819503469460e+00
3.223646652402281543e+00
3.194974645972493033e+00
3.159460701053987464e+00
3.226715446511223551e+00
3.127927937714756190e+00
3.398551481469048952e+00
3.372079335327577976e+00
3.215269850944663776e+00
2.960515008521969360e+00
3.436958210619461607e+00
3.047998253993814632e+00
3.123454337812855641e+00
3.270687654202335093e+00
3.466771590738809028e+00
3.034210649823307460e+00
3.539895603654130252e+00
3.363184071428030109e+00
3.469580405806587997e+00
3.512899069623424797e+00
3.173968070789843665e+00
3.276715036163771799e+00
2.962175637830072983e+00
3.258786554139117442e+00
3.018722066651021052e+00
3.352389176913136648e+00
3.447122970371887529e+00
3.346063774734542307e+00
3.681165176759864988e+00
3.239188500545198135e+00
3.076278303637849820e+00
3.173134502685225122e+00
3.072687569719450451e+00
3.168411413873649440e+00
3.251988843327879408e+00
3.224034681935846081e+00
3.415319081676329027e+00
3.170021457017408562e+00
3.173545198603357154e+00
3.175182790896499352e+00
3.592737581749460229e+00
2.731168844342309665e+00
3.298345090186283191e+00
3.296359018549701148e+00
3.427632249318940616e+00
3.544832750517795006e+00
3.183434928850564560e+00
3.102534514315799630e+00
3.529638615337862717e+00
3.167432895090921630e+00
3.143726105660746395e+00
3.599579361860437920e+00
3.442914238723198128e+00
3.196278386600394317e+00
3.032693038825267529e+00
3.326062861953779315e+00
3.438532237795222990e+00
3.442056614800615755e+00
3.465297341386861962e+00
3.356481362095694365e+00
3.099821465013675059e+00
3.072725307001014539e+00
3.223060407909286162e+00
3.511636942815443252e+00
3.482971347422282093e+00
3.506091180125062934e+00
3.709456049574591852e+00
3.078083952514832244e+00
3.488186999121317466e+00
3.198425680840803587e+00
3.424844314589203798e+00
3.107357341791391558e+00
3.631882133340492036e+00
3.227467772571663840e+00
3.529590026755702770e+00
3.236034625306478674e+00
3.023384579925651128e+00
3.123162277146596999e+00
3.214173404835804604e+00
3.200182804898588529e+00
3.076999787690791521e+00
3.447842801429199078e+00
3.220620001899488827e+00
3.635306691770752607e+00
3.459268221755575468e+00
3.436031975149697715e+00
3.098469111659670538e+00
3.006275427856515581e+00
3.119343304207167655e+00
3.544550052983382660e+00
3.261150509805383013e+00
3.114955951334800854e+00
3.602271668949760031e+00
3.380298635190872147e+00
3.061452982414099022e+00
3.033793065946183365e+00
3.347080740760997486e+00
3.140633317151053205e+00
3.164165726950727286e+00
3.401503314605346162e+00
3.187625751387133555e+00
3.243815548793727022e+00
3.438233218967415628e+00
3.243374421795360618e+00
3.359891344176430206e+00
3.162395825727861709e+00
3.152419641735848987e+00
3.293746986088467388e+00
3.267520255042372757e+00
3.001323943334118560e+00
2.999575886918161238e+00
3.222011568668592396e+00
3.094619967648768899e+00
3.102270395874812348e+00
3.093357703506057099e+00
3.070760992251068799e+00
3.119781125643899422e+00
3.191494224824007464e+00
3.708229271213619338e+00
3.552821676047890787e+00
3.466859198687081811e+00
3.140355484968297084e+00
3.144347935913881287e+00
3.673828672192517075e+00
3.219057736350952492e+00
3.437453642200563486e+00
3.412631134875892869e+00
3.225239216520528363e+00
3.368502650554993760e+00
3.307371173991374924e+00
3.746499412458069944e+00
3.327222073694607651e+00
3.624921615049152113e+00
3.308703861483306863e+00
3.558639829586093040e+00
3.428119480562244803e+00
3.394539192916602222e+00
3.393876609686979240e+00
3.906759381133056763e+00
3.287354398546169065e+00
3.616394006691042939e+00
3.422000147580136709e+00
3.333399824069335438e+00
3.420851403839405780e+00
3.171294384242211883e+00
3.127449919646200005e+00
3.490573617149910657e+00
3.227791499522077334e+00
3.125891883539149152e+00
3.402228387786428776e+00
3.554259684179702727e+00
3.156525695848191315e+00
3.255063027504184525e+00
2.960538989682647504e+00
3.226543683936598406e+00
3.421478386694017715e+00
3.079713588705990102e+00
3.071432597058177727e+00
3.460203061744342001e+00
3.327724777020197866e+00
3.353609910141050143e+00
3.416189622692699768e+00
3.227314142758319626e+00
3.472134208200086558e+00
3.309530445556297718e+00
3.464012343120206783e+00
3.261474067254600762e+00
3.554942899221992025e+00
3.185989159689506245e+00
3.226595191241698579e+00
2.934105591932600454e+00
3.557649902182380863e+00
3.416810523831247171e+00
3.035659282037806328e+00
3.268261921729812780e+00
3.266940559620545415e+00
3.134709191756710922e+00
3.133752025455055268e+00
3.300118701596888471e+00
3.587390088874879090e+00
3.042609449260432974e+00
3.132522952876214184e+00
3.383883491074375360e+00
3.413842365023203929e+00
3.239167247596671295e+00
3.032119137316900304e+00
3.230646063093276066e+00
3.409184247573135540e+00
3.095889030618659721e+00
3.204584297800497250e+00
3.465589021449710039e+00
3.364527039883500770e+00
3.356939010934274492e+00
3.460429978326668987e+00
3.406003744019323154e+00
3.350684254695275754e+00
3.418423434248023085e+00
3.148028581418656380e+00
3.350044548492260077e+00
3.335833886059157205e+00
3.350113117524753825e+00
3.417003180057501144e+00
3.326347339055024666e+00
3.242900003096239825e+00
3.349513668320581949e+00
3.151328158214132813e+00
3.333447927892779106e+00
3.154944704496137842e+00
3.422949659992018390e+00
3.137319538205193048e+00
3.151590093994509623e+00
3.413037889272573899e+00
3.325953635542937104e+00
3.030137637008407658e+00
3.339049283897212117e+00
3.093182922244412048e+00
3.692483837910701894e+00
3.403419564649638129e+00
3.229322903811162604e+00
3.189071736570376014e+00
3.575889792100997333e+00
3.159850410365019791e+00
3.464608632634590180e+00
3.255704634839633460e+00
3.516416669853787980e+00
3.299632400889751072e+00
3.618076225818171565e+00
3.121342930915634639e+00
3.271008396105328675e+00
3.693413403318996480e+00
3.257666540014661827e+00
3.337741354772951308e+00
3.402914611513124576e+00
3.196217294938323850e+00
3.368098764728795658e+00
3.424390196070806081e+00
3.448478140079810572e+00
3.163055206493323723e+00
3.447855400390801073e+00
3.197177893118862357e+00
3.797683220633745638e+00
3.418888868017584848e+00
3.298196158648392107e+00
3.340834459135911594e+00
3.413237277107908696e+00
3.009424110662791030e+00
3.466136099669828052e+00
3.045621136446118538e+00
3.323674186779857820e+00
3.458390119825906162e+00
3.035382729457323681e+00
3.142064414085959712e+00
3.446037675603843997e+00
3.388403778928185339e+00
3.584529405716691208e+00
3.436480337804092677e+00
3.507729588267537668e+00
3.184710590559082455e+00
3.622780492416577403e+00
3.013835001987813733e+00
2.875426343868523471e+00
3.162055968291760610e+00
3.470922510807464612e+00
3.471536595389661084e+00
3.427972836475158935e+00
3.186570341774487503e+00
3.184506981653257185e+00
3.428698274003615154e+00
3.311725979724245761e+00
3.782244917775150483e+00
3.630170763065736050e+00
3.590685683263925121e+00
3.435542037965022999e+00
3.418995596099765777e+00
3.251180913011328055e+00
3.189160924772163952e+00
3.347774233892160112e+00
3.367053254580749222e+00
3.238480009788069491e+00
3.237272434494768980e+00
3.424601741052384796e+00
3.500640550487526870e+00
3.804629063282650936e+00
3.434763761000434901e+00
3.421180852212255985e+00
3.410517450958195695e+00
3.503129083453661696e+00
3.384833440676946026e+00
3.264301472143051441e+00
3.261066835473469983e+00
3.467222897900299472e+00
3.484020268899793216e+00
3.337930666420025894e+00
3.415612505295837487e+00
3.650554690731975693e+00
3.512299706908398100e+00
3.719852552988138328e+00
3.600447186340897332e+00
3.493415735280580137e+00
3.340626848529695714e+00
3.303458366959301173e+00
3.026049963986049196e+00
3.422979289514141321e+00
3.423859074782388490e+00
3.224605094404265238e+00
3.372446955317110362e+00
3.404828808120224704e+00
3.142732138344884518e+00
3.062468732761636669e+00
3.826068946275380078e+00
3.250819845894663107e+00
3.282327911468103654e+00
3.575526811037631703e+00
3.545687601751586371e+00
3.110809016561562057e+00
3.315282302125570624e+00
3.611734639556798410e+00
3.338868134910819574e+00
3.353765777331029430e+00
3.479835637040660234e+00
3.417192201512304184e+00
3.594892801152205664e+00
3.687995700303525304e+00
3.483177300273583299e+00
3.470170694042074455e+00
3.635790927385462279e+00
3.455761991889565010e+00
3.473074660004526582e+00
3.431912564237188157e+00
3.329859325593687025e+00
3.229708447929624526e+00
3.512257200057578022e+00
3.692314967824234184e+00
3.377325749080988260e+00
3.383745302835202917e+00
3.361063751236843089e+00
3.126185235234738791e+00
3.492692262694301331e+00
3.211121866833575034e+00
3.323331870657982634e+00
3.323437144677873434e+00
3.026243145213470598e+00
3.357833282401545549e+00
3.280871629855794058e+00
3.378120829107500889e+00
3.127163392289848520e+00
3.475996855856817724e+00
3.000095026630692274e+00
3.409260308462991329e+00
3.248875067030096098e+00
3.409238219391628189e+00
3.150877585925390356e+00
3.418036027967890522e+00
3.202506208449287239e+00
3.658984790050368030e+00
3.545354451984933153e+00
3.819446233866614193e+00
3.707486983376952594e+00
3.954998974186652028e+00
3.523065484644671397e+00
4.043909945427149211e+00
4.373383914014695506e+00
4.319212622009132474e+00
4.751090718035377414e+00
4.669113917420006032e+00
4.937019776216882150e+00
4.461690477304721014e+00
4.744609524903198761e+00
4.448342849170392022e+00
4.512182738866248322e+00
4.593926891354902509e+00
4.625866853288202130e+00
4.288404900037765088e+00
4.040193154519009511e+00
4.279818466750941575e+00
3.787892029175136344e+00
3.732853351294699529e+00
3.806555368271702822e+00
3.100867979789024176e+00
3.276861631347175674e+00
3.287703673885514988e+00
3.155548464549914556e+00
3.187474715504408973e+00
3.457118936405990883e+00
3.380009658521244020e+00
3.280830910179980187e+00
3.835952441294998128e+00
3.457860594924836661e+00
3.241122744396834676e+00
3.352278719552611363e+00
3.303964191091750990e+00
3.270275799529579697e+00
3.286889843916315446e+00
3.705921475839753843e+00
3.142339333309426941e+00
3.594502458636682274e+00
3.475851703701037465e+00
3.315493345337211739e+00
3.515543526962563003e+00
3.172595419596092370e+00
3.292672815464097624e+00
3.554267512380556937e+00
3.600183172991796798e+00
3.516659767517250401e+00
3.645924156389768189e+00
3.994665015467618652e+00
3.433913794668125519e+00
3.946593116160858727e+00
3.428513141528138686e+00
3.506244305257524285e+00
3.648114369648445265e+00
3.679597204519284848e+00
3.752299207955166249e+00
3.899250871191171086e+00
3.421103184102785910e+00
3.621730329437805818e+00
3.630974645834277759e+00
3.631231650223025742e+00
3.481451273933903856e+00
3.533541431831621171e+00
3.601975869040732636e+00
3.408502898632651323e+00
3.448929553869333642e+00
3.448762511640450334e+00
3.297832804266138229e+00
3.347441422922632359e+00
3.561317763333024633e+00
3.355429359505766040e+00
3.531332573788020124e+00
3.512305589630020819e+00
3.513855195574976165e+00
3.596439786079192569e+00
3.345549131845570567e+00
3.321531074145585016e+00
3.550437092700992281e+00
3.636933289841540962e+00
3.519330267919770439e+00
3.788453037479702967e+00
3.554482755066896260e+00
3.530721149920143187e+00
3.439207518851643552e+00
3.580078835729490372e+00
3.665119831061686373e+00
3.419758191627947141e+00
3.783479179476417542e+00
3.507200688236242758e+00
3.844673134228376643e+00
4.010216509198547108e+00
4.099335118214715301e+00
4.087430274964774846e+00
3.817228265352394345e+00
4.384567361908153771e+00
3.813871619956168857e+00
3.855238622928865766e+00
3.948700668494541599e+00
3.635200716333453208e+00
3.579171904382723479e+00
3.560831178983003387e+00
3.320570747949830537e+00
3.879974628703933170e+00
3.216755127950435611e+00
3.335813602575552483e+00
3.406804855909224994e+00
3.154062222953072148e+00
3.704053217096424433e+00
3.556957551191783917e+00
3.313669189355644029e+00
3.493412039975033689e+00
3.687768773932442290e+00
3.626876583843639867e+00
3.660950090499314413e+00
3.492331831141243459e+00
3.683563318163107336e+00
3.427816103114404545e+00
3.675030142908955355e+00
3.184135491035093413e+00
3.716566435100257859e+00
3.381384186239491108e+00
3.141633556145758899e+00
3.707876217288400778e+00
3.026974559927480435e+00
3.576721796535607734e+00
3.611844867943682758e+00
3.644482439790624362e+00
3.651725327783268860e+00
3.592424223782148207e+00
3.802136833563612317e+00
3.738679646650110655e+00
3.737313838091874008e+00
3.548471178136249904e+00
4.372429991427837948e+00
3.819909628826267056e+00
4.074916861006331992e+00
3.949296215868840054e+00
3.877638238015373329e+00
3.911138644001886711e+00
3.703037989311696698e+00
3.995566052148246339e+00
3.613066913628689480e+00
3.804240022906548724e+00
3.885082605290857583e+00
3.690534535515205938e+00
3.387355598100440179e+00
3.645164945900894793e+00
3.739077211654148414e+00
3.795504821235088588e+00
3.382158555109325615e+00
3.417896280536352194e+00
3.798364301141008870e+00
3.810275316553477065e+00
3.639571848282260991e+00
3.609705676345408953e+00
3.660688557112904196e+00
3.725556028888697746e+00
3.732578816473478334e+00
3.633305090722787956e+00
3.799742433621911442e+00
3.528043598738574094e+00
3.846059648664638342e+00
3.494696768262774089e+00
3.825954716893644303e+00
3.919836294823048295e+00
3.910669273781398392e+00
3.568682349304895141e+00
4.140293928815491853e+00
4.054494594049550926e+00
4.097630791144250217e+00
4.148725532574900399e+00
3.964834211753870186e+00
4.557000518254689325e+00
4.159916123459151294e+00
4.402245791241192308e+00
4.247632620590425567e+00
3.978968120164779076e+00
4.407763914100863545e+00
4.129900604907925654e+00
3.932365123448755995e+00
3.746946801610981925e+00
3.497105866614146130e+00
3.844837625772644873e+00
3.875627349769309671e+00
3.332794888517990550e+00
3.770077879365233642e+00
4.045199650493008114e+00
3.705607773043388065e+00
3.702959596446659507e+00
3.764606817096598057e+00
3.256009180489062960e+00
3.405405943349368858e+00
3.757367476531784156e+00
3.683404562532033300e+00
3.976242997565751391e+00
3.743547274648291179e+00
3.467688145737914507e+00
3.770853777136041085e+00
3.613256799640788941e+00
3.632706789021850291e+00
3.424389096105048047e+00
3.777030891914701538e+00
3.641155371286563192e+00
3.391493269284880263e+00
3.551984337580412099e+00
3.751147515876044558e+00
3.682638722102336004e+00
3.655435406834553813e+00
3.575428825531906440e+00
3.692653772871196782e+00
3.441081506639903864e+00
3.713179242077166542e+00
3.740491923556565457e+00
3.840201020199121018e+00
3.779357042678412437e+00
3.593646959871854563e+00
3.591719504673888785e+00
3.715947339203859556e+00
3.480428283867044836e+00
3.803218931028717886e+00
3.514084254873334423e+00
3.259122758508445461e+00
3.702793481147961252e+00
3.312458153418666562e+00
3.610954368448931362e+00
3.401681786828556042e+00
3.487031713438321745e+00
3.208628244032196708e+00
3.568153007972837187e+00
3.424870058019077401e+00
3.729796693763488769e+00
3.424926017549847046e+00
3.296535254638368606e+00
3.257349193406590349e+00
3.519112807347428706e+00
3.396755358686223136e+00
3.364595345217235245e+00
3.347953149042023568e+00
3.350844438651266799e+00
3.443697299151099234e+00
3.421205412244243238e+00
2.955571510145677649e+00
3.399441399759152382e+00
2.915627110641096031e+00
2.962686176966599749e+00
3.148011107211622139e+00
2.888176401186792752e+00
2.656005884999040223e+00
3.062418035585179332e+00
2.580325008435047973e+00
2.581293794244136297e+00
2.637494348277356071e+00
2.560226251895056482e+00
2.145243026977559975e+00
2.318823577844286277e+00
2.355466012327948278e+00
2.418844587270769786e+00
2.389464388389344052e+00
